2
24
3
4
5
6
7
74
8
9
94
26
264
22
224
226
2264
234
236
2364
2426
243
246
2464
28
23
2664
268
2826
284
286
242
2424
24264
2436
24364
244
24664
2468
248
2482
24824
24826
248264
2484
2486
32
324
326
3264
33
334
336
3364
34
342
3426
343
3464
348
3664
368
38
3826
384
386
36
364
37
42
424
426
4264
43
434
436
4364
4664
468
48
482
4824
4826
48264
484
486
54
542
5426
54264
543
546
5464
54664
548
58
5826
583
586
52
524
526
5264
53
534
536
5364
5664
568
582
5824
58264
584
56
62
624
626
6264
63
634
636
6364
64
6426
643
646
6464
648
66
668
68
64264
6664
6826
683
686
72
724
726
7264
734
736
7364
7426
743
746
7464
76
768
78
742
74264
74664
748
7826
783
786
73
7664
784
7424
7434
7436
74364
744
7468
7482
74824
74826
748264
7484
7486
82
824
826
8264
83
834
8364
84
8426
843
8464
8664
868
88
8826
884
886
92
924
926
9264
934
936
9364
96
98
942
9426
94264
943
946
9464
94664
948
9826
983
986
93
9664
968
984
9424
9434
9436
94364
944
9468
9482
94824
94826
948264
9484
9486